-0.002414 0.000000 0.000000 0.000000 0.000000 0.000000 0.000000 -0.000000 0.000000 0.000000 0.000000 0.000000 -0.000000 0.000000 0.000000 0.000000 0.000000 0.000000 0.000000 0.000000 0.000000 0.000000 0.000000 0.000000 0.000000 0.000000 0.000000 0.000000 -0.000000 0.000000 0.000000 0.000000 0.000000 0.000000 0.000000 0.000000 0.000000 0.000000 0.000000 0.000000 0.000000 0.000000 0.000000 -0.000000 0.000000 0.000000 -0.000000 0.000000 -0.000000 -0.000000 0.000000 -0.000000 0.000000 0.000000 -0.000000 -0.000000 0.000000 0.000000 -0.000000 0.000000 0.000000 -0.000000 0.000000 0.000000 0.000000 0.000000 0.000000 0.000000 0.000000 -0.000000 0.000000 0.000000 0.000000 -0.000000 0.000000 -0.000000 0.000000 0.000000 0.000000 0.000000 0.000000 -0.000000 0.000000 0.000000 0.000000 0.000000 -0.000000 0.000000 0.000000 -0.000000 0.000000 0.000000 0.000000 -0.000000 0.000000 0.000000 0.000000 0.000000 0.000000 0.000000 0.000000 -0.000000 -0.000000 0.000000 0.000000 0.000000 0.000000 0.000000 0.000000 0.000000 0.000000 0.000000 0.000000 0.000000 0.000000 -0.000000 0.000000 0.000000 -0.000000 0.000000 0.000000 0.000000 -0.000000 0.000000 0.000000 0.000000 -0.000000 0.000000 -0.000000 0.000000 0.000000 0.000000 0.000000 0.000000 0.000000 0.000000 -0.000000 0.000000 0.000000 0.000000 0.000000 0.000000 0.000000 0.000000 0.000000 0.000000 0.000000 0.000000 0.000000 0.000000 -0.000000 0.000000 0.000000 0.000000 -0.000000 0.000000 -0.000000 -0.000000 0.000000 0.000000 0.000000 0.000000 -0.000000 0.000000 0.000000 0.000000 -0.000000 0.000000 -0.000000 0.000000 0.000000 -0.000000 0.000000 0.000000 0.000000 0.000000 0.000000 0.000000 0.000000 0.000000 0.000000 0.000000 0.000000 0.000000 0.000000 0.000000 -0.000000 0.000000 0.000000 0.000000 -0.000000 0.000000 -0.000000 0.000000 0.000000 0.000000 0.000000 0.000000 0.000000 0.000000 
-0.002299 0.002293 0.002183 0.002079 0.001979 0.001884 0.001794 0.001708 0.001626 0.001549 0.001474 0.001404 0.001337 0.001273 0.001212 0.001154 0.001098 0.001046 0.000996 0.000948 0.000903 0.000859 0.000818 0.000779 0.000742 0.000706 0.000672 0.000640 0.000610 0.000580 0.000553 0.000526 0.000501 0.000477 0.000454 0.000432 0.000412 0.000392 0.000373 0.000355 0.000338 0.000322 0.000307 0.000292 0.000278 0.000265 0.000252 0.000240 0.000228 0.000218 0.000207 0.000197 0.000188 0.000179 0.000170 0.000162 0.000154 0.000147 0.000140 0.000133 0.000127 0.000121 0.000115 0.000109 0.000104 0.000099 0.000094 0.000090 0.000086 0.000082 0.000078 0.000074 0.000070 0.000067 0.000064 0.000061 0.000058 0.000055 0.000052 0.000050 0.000048 0.000045 0.000043 0.000041 0.000039 0.000037 0.000035 0.000034 0.000032 0.000031 0.000029 0.000028 0.000026 0.000025 0.000024 0.000023 0.000022 0.000021 0.000020 0.000019 0.000018 0.000017 0.000016 0.000015 0.000015 0.000014 0.000013 0.000013 0.000012 0.000011 0.000011 0.000010 0.000010 0.000009 0.000009 0.000009 0.000008 0.000008 0.000007 0.000007 0.000007 0.000006 0.000006 0.000006 0.000005 0.000005 0.000005 0.000005 0.000005 0.000004 0.000004 0.000004 0.000004 0.000004 0.000003 0.000003 0.000003 0.000003 0.000003 0.000003 0.000002 0.000002 0.000002 0.000002 0.000002 0.000002 0.000002 0.000002 0.000002 0.000002 0.000002 0.000001 0.000001 0.000001 0.000001 0.000001 0.000001 0.000001 0.000001 0.000001 0.000001 0.000001 0.000001 0.000001 0.000001 0.000001 0.000001 0.000001 0.000001 0.000001 0.000001 0.000001 0.000000 0.000000 0.000000 0.000000 0.000000 0.000000 0.000000 0.000000 0.000000 0.000000 0.000000 0.000000 0.000000 0.000000 0.000000 0.000000 0.000000 0.000000 0.000000 0.000000 0.000000 0.000000 0.000000 0.000000 0.000000 0.000000 0.000000 -0.000000 
-0.002188 0.002183 0.004372 0.004162 0.003963 0.003773 0.003593 0.003420 0.003257 0.003101 0.002952 0.002811 0.002676 0.002548 0.002426 0.002310 0.002199 0.002094 0.001994 0.001898 0.001807 0.001721 0.001638 0.001560 0.001485 0.001414 0.001346 0.001282 0.001221 0.001162 0.001106 0.001053 0.001003 0.000955 0.000909 0.000866 0.000824 0.000785 0.000747 0.000711 0.000677 0.000645 0.000614 0.000585 0.000557 0.000530 0.000505 0.000480 0.000457 0.000436 0.000415 0.000395 0.000376 0.000358 0.000341 0.000324 0.000309 0.000294 0.000280 0.000267 0.000254 0.000242 0.000230 0.000219 0.000209 0.000199 0.000189 0.000180 0.000171 0.000163 0.000155 0.000148 0.000141 0.000134 0.000128 0.000122 0.000116 0.000110 0.000105 0.000100 0.000095 0.000091 0.000086 0.000082 0.000078 0.000074 0.000071 0.000067 0.000064 0.000061 0.000058 0.000055 0.000053 0.000050 0.000048 0.000046 0.000043 0.000041 0.000039 0.000037 0.000036 0.000034 0.000032 0.000031 0.000029 0.000028 0.000027 0.000025 0.000024 0.000023 0.000022 0.000021 0.000020 0.000019 0.000018 0.000017 0.000016 0.000015 0.000015 0.000014 0.000013 0.000013 0.000012 0.000012 0.000011 0.000010 0.000010 0.000009 0.000009 0.000009 0.000008 0.000008 0.000007 0.000007 0.000007 0.000006 0.000006 0.000006 0.000006 0.000005 0.000005 0.000005 0.000005 0.000004 0.000004 0.000004 0.000004 0.000004 0.000003 0.000003 0.000003 0.000003 0.000003 0.000003 0.000002 0.000002 0.000002 0.000002 0.000002 0.000002 0.000002 0.000002 0.000002 0.000002 0.000001 0.000001 0.000001 0.000001 0.000001 0.000001 0.000001 0.000001 0.000001 0.000001 0.000001 0.000001 0.000001 0.000001 0.000001 0.000001 0.000001 0.000001 0.000001 0.000000 0.000000 0.000000 0.000000 0.000000 0.000000 0.000000 0.000000 0.000000 0.000000 0.000000 0.000000 0.000000 0.000000 0.000000 0.000000 -0.000000 
-0.002084 0.002079 0.004162 0.006256 0.005956 0.005671 0.005400 0.005141 0.004895 0.004660 0.004437 0.004225 0.004023 0.003830 0.003646 0.003472 0.003306 0.003147 0.002997 0.002853 0.002717 0.002586 0.002463 0.002345 0.002232 0.002125 0.002024 0.001927 0.001835 0.001747 0.001663 0.001583 0.001508 0.001435 0.001367 0.001301 0.001239 0.001180 0.001123 0.001069 0.001018 0.000969 0.000923 0.000879 0.000837 0.000797 0.000758 0.000722 0.000688 0.000655 0.000623 0.000593 0.000565 0.000538 0.000512 0.000488 0.000464 0.000442 0.000421 0.000401 0.000382 0.000363 0.000346 0.000329 0.000314 0.000299 0.000284 0.000271 0.000258 0.000245 0.000234 0.000222 0.000212 0.000202 0.000192 0.000183 0.000174 0.000166 0.000158 0.000150 0.000143 0.000136 0.000130 0.000123 0.000118 0.000112 0.000107 0.000101 0.000097 0.000092 0.000088 0.000083 0.000079 0.000076 0.000072 0.000069 0.000065 0.000062 0.000059 0.000056 0.000054 0.000051 0.000049 0.000046 0.000044 0.000042 0.000040 0.000038 0.000036 0.000034 0.000033 0.000031 0.000030 0.000028 0.000027 0.000026 0.000024 0.000023 0.000022 0.000021 0.000020 0.000019 0.000018 0.000017 0.000016 0.000016 0.000015 0.000014 0.000014 0.000013 0.000012 0.000012 0.000011 0.000011 0.000010 0.000010 0.000009 0.000009 0.000008 0.000008 0.000008 0.000007 0.000007 0.000006 0.000006 0.000006 0.000006 0.000005 0.000005 0.000005 0.000005 0.000004 0.000004 0.000004 0.000004 0.000004 0.000003 0.000003 0.000003 0.000003 0.000003 0.000003 0.000002 0.000002 0.000002 0.000002 0.000002 0.000002 0.000002 0.000002 0.000002 0.000002 0.000001 0.000001 0.000001 0.000001 0.000001 0.000001 0.000001 0.000001 0.000001 0.000001 0.000001 0.000001 0.000001 0.000001 0.000001 0.000001 0.000000 0.000000 0.000000 0.000000 0.000000 0.000000 0.000000 0.000000 0.000000 0.000000 0.000000 -0.000000 
-0.001984 0.001979 0.003963 0.005956 0.007964 0.007583 0.007220 0.006874 0.006545 0.006231 0.005933 0.005649 0.005378 0.005121 0.004876 0.004642 0.004420 0.004208 0.004007 0.003815 0.003632 0.003458 0.003293 0.003135 0.002985 0.002842 0.002706 0.002576 0.002453 0.002335 0.002224 0.002117 0.002016 0.001919 0.001827 0.001740 0.001657 0.001577 0.001502 0.001430 0.001361 0.001296 0.001234 0.001175 0.001119 0.001065 0.001014 0.000966 0.000919 0.000875 0.000833 0.000793 0.000755 0.000719 0.000685 0.000652 0.000621 0.000591 0.000563 0.000536 0.000510 0.000486 0.000463 0.000440 0.000419 0.000399 0.000380 0.000362 0.000345 0.000328 0.000312 0.000297 0.000283 0.000270 0.000257 0.000244 0.000233 0.000222 0.000211 0.000201 0.000191 0.000182 0.000173 0.000165 0.000157 0.000150 0.000142 0.000136 0.000129 0.000123 0.000117 0.000111 0.000106 0.000101 0.000096 0.000092 0.000087 0.000083 0.000079 0.000075 0.000072 0.000068 0.000065 0.000062 0.000059 0.000056 0.000053 0.000051 0.000048 0.000046 0.000044 0.000042 0.000040 0.000038 0.000036 0.000034 0.000033 0.000031 0.000030 0.000028 0.000027 0.000026 0.000024 0.000023 0.000022 0.000021 0.000020 0.000019 0.000018 0.000017 0.000016 0.000016 0.000015 0.000014 0.000013 0.000013 0.000012 0.000012 0.000011 0.000011 0.000010 0.000010 0.000009 0.000009 0.000008 0.000008 0.000007 0.000007 0.000007 0.000006 0.000006 0.000006 0.000006 0.000005 0.000005 0.000005 0.000005 0.000004 0.000004 0.000004 0.000004 0.000004 0.000003 0.000003 0.000003 0.000003 0.000003 0.000003 0.000002 0.000002 0.000002 0.000002 0.000002 0.000002 0.000002 0.000002 0.000002 0.000001 0.000001 0.000001 0.000001 0.000001 0.000001 0.000001 0.000001 0.000001 0.000001 0.000001 0.000001 0.000001 0.000001 0.000000 0.000000 0.000000 0.000000 0.000000 0.000000 0.000000 0.000000 -0.000000 
-0.001889 0.001884 0.003773 0.005671 0.007583 0.009513 0.009057 0.008623 0.008210 0.007817 0.007443 0.007087 0.006747 0.006424 0.006117 0.005824 0.005545 0.005279 0.005026 0.004786 0.004557 0.004338 0.004131 0.003933 0.003745 0.003565 0.003395 0.003232 0.003077 0.002930 0.002790 0.002656 0.002529 0.002408 0.002292 0.002183 0.002078 0.001979 0.001884 0.001794 0.001708 0.001626 0.001548 0.001474 0.001403 0.001336 0.001272 0.001211 0.001153 0.001098 0.001045 0.000995 0.000948 0.000902 0.000859 0.000818 0.000779 0.000742 0.000706 0.000672 0.000640 0.000609 0.000580 0.000552 0.000526 0.000501 0.000477 0.000454 0.000432 0.000412 0.000392 0.000373 0.000355 0.000338 0.000322 0.000307 0.000292 0.000278 0.000265 0.000252 0.000240 0.000228 0.000217 0.000207 0.000197 0.000188 0.000179 0.000170 0.000162 0.000154 0.000147 0.000140 0.000133 0.000127 0.000121 0.000115 0.000109 0.000104 0.000099 0.000094 0.000090 0.000086 0.000081 0.000078 0.000074 0.000070 0.000067 0.000064 0.000061 0.000058 0.000055 0.000052 0.000050 0.000047 0.000045 0.000043 0.000041 0.000039 0.000037 0.000035 0.000034 0.000032 0.000031 0.000029 0.000028 0.000026 0.000025 0.000024 0.000023 0.000022 0.000021 0.000020 0.000019 0.000018 0.000017 0.000016 0.000015 0.000015 0.000014 0.000013 0.000013 0.000012 0.000011 0.000011 0.000010 0.000010 0.000009 0.000009 0.000008 0.000008 0.000008 0.000007 0.000007 0.000007 0.000006 0.000006 0.000006 0.000005 0.000005 0.000005 0.000005 0.000004 0.000004 0.000004 0.000004 0.000004 0.000003 0.000003 0.000003 0.000003 0.000003 0.000003 0.000002 0.000002 0.000002 0.000002 0.000002 0.000002 0.000002 0.000002 0.000001 0.000001 0.000001 0.000001 0.000001 0.000001 0.000001 0.000001 0.000001 0.000001 0.000001 0.000001 0.000000 0.000000 0.000000 0.000000 0.000000 0.000000 0.000000 -0.000000 
-0.001798 0.001794 0.003593 0.005400 0.007220 0.009057 0.010916 0.010394 0.009896 0.009422 0.008971 0.008541 0.008132 0.007743 0.007372 0.007019 0.006683 0.006363 0.006058 0.005768 0.005492 0.005229 0.004979 0.004740 0.004513 0.004297 0.004091 0.003895 0.003709 0.003531 0.003362 0.003201 0.003048 0.002902 0.002763 0.002631 0.002505 0.002385 0.002271 0.002162 0.002058 0.001960 0.001866 0.001777 0.001692 0.001611 0.001533 0.001460 0.001390 0.001323 0.001260 0.001200 0.001142 0.001088 0.001036 0.000986 0.000939 0.000894 0.000851 0.000810 0.000771 0.000735 0.000699 0.000666 0.000634 0.000604 0.000575 0.000547 0.000521 0.000496 0.000472 0.000450 0.000428 0.000408 0.000388 0.000370 0.000352 0.000335 0.000319 0.000304 0.000289 0.000275 0.000262 0.000250 0.000238 0.000226 0.000215 0.000205 0.000195 0.000186 0.000177 0.000169 0.000160 0.000153 0.000145 0.000138 0.000132 0.000126 0.000120 0.000114 0.000108 0.000103 0.000098 0.000094 0.000089 0.000085 0.000081 0.000077 0.000073 0.000070 0.000066 0.000063 0.000060 0.000057 0.000055 0.000052 0.000049 0.000047 0.000045 0.000043 0.000041 0.000039 0.000037 0.000035 0.000033 0.000032 0.000030 0.000029 0.000027 0.000026 0.000025 0.000024 0.000023 0.000021 0.000020 0.000019 0.000018 0.000018 0.000017 0.000016 0.000015 0.000014 0.000014 0.000013 0.000012 0.000012 0.000011 0.000011 0.000010 0.000010 0.000009 0.000009 0.000008 0.000008 0.000008 0.000007 0.000007 0.000007 0.000006 0.000006 0.000006 0.000005 0.000005 0.000005 0.000005 0.000004 0.000004 0.000004 0.000004 0.000003 0.000003 0.000003 0.000003 0.000003 0.000003 0.000002 0.000002 0.000002 0.000002 0.000002 0.000002 0.000002 0.000002 0.000001 0.000001 0.000001 0.000001 0.000001 0.000001 0.000001 0.000001 0.000001 0.000001 0.000001 0.000000 0.000000 0.000000 0.000000 0.000000 -0.000000 
-0.001712 0.001708 0.003420 0.005141 0.006874 0.008623 0.010394 0.012189 0.011605 0.011050 0.010520 0.010017 0.009537 0.009080 0.008646 0.008232 0.007837 0.007462 0.007105 0.006765 0.006441 0.006132 0.005839 0.005559 0.005293 0.005039 0.004798 0.004568 0.004350 0.004141 0.003943 0.003754 0.003574 0.003403 0.003240 0.003085 0.002937 0.002797 0.002663 0.002535 0.002414 0.002298 0.002188 0.002083 0.001984 0.001889 0.001798 0.001712 0.001630 0.001552 0.001478 0.001407 0.001340 0.001275 0.001214 0.001156 0.001101 0.001048 0.000998 0.000950 0.000905 0.000861 0.000820 0.000781 0.000743 0.000708 0.000674 0.000642 0.000611 0.000582 0.000554 0.000527 0.000502 0.000478 0.000455 0.000433 0.000413 0.000393 0.000374 0.000356 0.000339 0.000323 0.000307 0.000293 0.000279 0.000265 0.000253 0.000240 0.000229 0.000218 0.000208 0.000198 0.000188 0.000179 0.000171 0.000162 0.000155 0.000147 0.000140 0.000133 0.000127 0.000121 0.000115 0.000110 0.000104 0.000099 0.000095 0.000090 0.000086 0.000082 0.000078 0.000074 0.000071 0.000067 0.000064 0.000061 0.000058 0.000055 0.000053 0.000050 0.000048 0.000045 0.000043 0.000041 0.000039 0.000037 0.000035 0.000034 0.000032 0.000031 0.000029 0.000028 0.000026 0.000025 0.000024 0.000023 0.000022 0.000021 0.000020 0.000019 0.000018 0.000017 0.000016 0.000015 0.000015 0.000014 0.000013 0.000013 0.000012 0.000011 0.000011 0.000010 0.000010 0.000009 0.000009 0.000008 0.000008 0.000008 0.000007 0.000007 0.000007 0.000006 0.000006 0.000006 0.000005 0.000005 0.000005 0.000005 0.000004 0.000004 0.000004 0.000004 0.000003 0.000003 0.000003 0.000003 0.000003 0.000003 0.000002 0.000002 0.000002 0.000002 0.000002 0.000002 0.000002 0.000001 0.000001 0.000001 0.000001 0.000001 0.000001 0.000001 0.000001 0.000001 0.000000 0.000000 0.000000 0.000000 0.000000 -0.000000 
-0.001630 0.001626 0.003257 0.004895 0.006545 0.008210 0.009896 0.011605 0.013343 0.012704 0.012095 0.011516 0.010965 0.010440 0.009940 0.009464 0.009011 0.008579 0.008168 0.007777 0.007405 0.007050 0.006713 0.006391 0.006085 0.005794 0.005516 0.005252 0.005001 0.004761 0.004533 0.004316 0.004109 0.003913 0.003725 0.003547 0.003377 0.003215 0.003061 0.002915 0.002775 0.002642 0.002516 0.002395 0.002281 0.002171 0.002067 0.001968 0.001874 0.001784 0.001699 0.001618 0.001540 0.001466 0.001396 0.001329 0.001266 0.001205 0.001147 0.001092 0.001040 0.000990 0.000943 0.000898 0.000855 0.000814 0.000775 0.000738 0.000702 0.000669 0.000637 0.000606 0.000577 0.000550 0.000523 0.000498 0.000474 0.000452 0.000430 0.000409 0.000390 0.000371 0.000353 0.000336 0.000320 0.000305 0.000290 0.000276 0.000263 0.000251 0.000239 0.000227 0.000216 0.000206 0.000196 0.000187 0.000178 0.000169 0.000161 0.000153 0.000146 0.000139 0.000132 0.000126 0.000120 0.000114 0.000109 0.000104 0.000099 0.000094 0.000089 0.000085 0.000081 0.000077 0.000073 0.000070 0.000067 0.000063 0.000060 0.000057 0.000055 0.000052 0.000050 0.000047 0.000045 0.000043 0.000041 0.000039 0.000037 0.000035 0.000033 0.000032 0.000030 0.000029 0.000028 0.000026 0.000025 0.000024 0.000023 0.000021 0.000020 0.000019 0.000019 0.000018 0.000017 0.000016 0.000015 0.000014 0.000014 0.000013 0.000012 0.000012 0.000011 0.000011 0.000010 0.000010 0.000009 0.000009 0.000008 0.000008 0.000008 0.000007 0.000007 0.000006 0.000006 0.000006 0.000006 0.000005 0.000005 0.000005 0.000004 0.000004 0.000004 0.000004 0.000004 0.000003 0.000003 0.000003 0.000003 0.000003 0.000002 0.000002 0.000002 0.000002 0.000002 0.000002 0.000002 0.000001 0.000001 0.000001 0.000001 0.000001 0.000001 0.000001 0.000001 0.000000 0.000000 0.000000 0.000000 -0.000000 
-0.001552 0.001549 0.003101 0.004660 0.006231 0.007817 0.009422 0.011050 0.012704 0.014388 0.013699 0.013043 0.012419 0.011824 0.011258 0.010719 0.010205 0.009717 0.009252 0.008809 0.008387 0.007985 0.007603 0.007239 0.006892 0.006562 0.006248 0.005949 0.005664 0.005393 0.005134 0.004888 0.004654 0.004432 0.004219 0.004017 0.003825 0.003642 0.003467 0.003301 0.003143 0.002993 0.002849 0.002713 0.002583 0.002459 0.002342 0.002229 0.002123 0.002021 0.001924 0.001832 0.001744 0.001661 0.001581 0.001506 0.001434 0.001365 0.001300 0.001237 0.001178 0.001122 0.001068 0.001017 0.000968 0.000922 0.000878 0.000836 0.000796 0.000757 0.000721 0.000687 0.000654 0.000622 0.000593 0.000564 0.000537 0.000512 0.000487 0.000464 0.000442 0.000420 0.000400 0.000381 0.000363 0.000345 0.000329 0.000313 0.000298 0.000284 0.000270 0.000257 0.000245 0.000233 0.000222 0.000211 0.000201 0.000192 0.000183 0.000174 0.000165 0.000158 0.000150 0.000143 0.000136 0.000129 0.000123 0.000117 0.000112 0.000106 0.000101 0.000096 0.000092 0.000087 0.000083 0.000079 0.000075 0.000072 0.000068 0.000065 0.000062 0.000059 0.000056 0.000053 0.000051 0.000048 0.000046 0.000044 0.000042 0.000040 0.000038 0.000036 0.000034 0.000033 0.000031 0.000030 0.000028 0.000027 0.000026 0.000024 0.000023 0.000022 0.000021 0.000020 0.000019 0.000018 0.000017 0.000016 0.000016 0.000015 0.000014 0.000013 0.000013 0.000012 0.000012 0.000011 0.000010 0.000010 0.000009 0.000009 0.000009 0.000008 0.000008 0.000007 0.000007 0.000007 0.000006 0.000006 0.000006 0.000005 0.000005 0.000005 0.000004 0.000004 0.000004 0.000004 0.000004 0.000003 0.000003 0.000003 0.000003 0.000003 0.000002 0.000002 0.000002 0.000002 0.000002 0.000002 0.000001 0.000001 0.000001 0.000001 0.000001 0.000001 0.000001 0.000001 0.000000 0.000000 0.000000 -0.000000 
-0.001478 0.001474 0.002952 0.004437 0.005933 0.007443 0.008971 0.010520 0.012095 0.013699 0.015336 0.014602 0.013903 0.013237 0.012603 0.012000 0.011425 0.010878 0.010357 0.009861 0.009389 0.008939 0.008511 0.008104 0.007716 0.007346 0.006994 0.006659 0.006341 0.006037 0.005748 0.005473 0.005211 0.004961 0.004724 0.004497 0.004282 0.004077 0.003882 0.003696 0.003519 0.003350 0.003190 0.003037 0.002892 0.002753 0.002621 0.002496 0.002376 0.002263 0.002154 0.002051 0.001953 0.001859 0.001770 0.001686 0.001605 0.001528 0.001455 0.001385 0.001319 0.001256 0.001196 0.001138 0.001084 0.001032 0.000982 0.000935 0.000891 0.000848 0.000807 0.000769 0.000732 0.000697 0.000663 0.000632 0.000601 0.000573 0.000545 0.000519 0.000494 0.000471 0.000448 0.000427 0.000406 0.000387 0.000368 0.000351 0.000334 0.000318 0.000303 0.000288 0.000274 0.000261 0.000249 0.000237 0.000225 0.000215 0.000204 0.000195 0.000185 0.000176 0.000168 0.000160 0.000152 0.000145 0.000138 0.000131 0.000125 0.000119 0.000113 0.000108 0.000103 0.000098 0.000093 0.000089 0.000084 0.000080 0.000077 0.000073 0.000069 0.000066 0.000063 0.000060 0.000057 0.000054 0.000052 0.000049 0.000047 0.000045 0.000042 0.000040 0.000038 0.000037 0.000035 0.000033 0.000032 0.000030 0.000029 0.000027 0.000026 0.000025 0.000024 0.000022 0.000021 0.000020 0.000019 0.000018 0.000017 0.000017 0.000016 0.000015 0.000014 0.000014 0.000013 0.000012 0.000012 0.000011 0.000011 0.000010 0.000010 0.000009 0.000009 0.000008 0.000008 0.000007 0.000007 0.000007 0.000006 0.000006 0.000006 0.000005 0.000005 0.000005 0.000004 0.000004 0.000004 0.000004 0.000004 0.000003 0.000003 0.000003 0.000003 0.000002 0.000002 0.000002 0.000002 0.000002 0.000002 0.000001 0.000001 0.000001 0.000001 0.000001 0.000001 0.000001 0.000000 0.000000 0.000000 -0.000000 
-0.001407 0.001404 0.002811 0.004225 0.005649 0.007087 0.008541 0.010017 0.011516 0.013043 0.014602 0.016196 0.015420 0.014682 0.013979 0.013309 0.012672 0.012065 0.011487 0.010937 0.010414 0.009915 0.009440 0.008988 0.008558 0.008148 0.007758 0.007386 0.007033 0.006696 0.006375 0.006070 0.005779 0.005503 0.005239 0.004988 0.004749 0.004522 0.004305 0.004099 0.003903 0.003716 0.003538 0.003369 0.003207 0.003054 0.002908 0.002768 0.002636 0.002510 0.002389 0.002275 0.002166 0.002062 0.001964 0.001870 0.001780 0.001695 0.001614 0.001536 0.001463 0.001393 0.001326 0.001263 0.001202 0.001145 0.001090 0.001038 0.000988 0.000941 0.000896 0.000853 0.000812 0.000773 0.000736 0.000701 0.000667 0.000635 0.000605 0.000576 0.000548 0.000522 0.000497 0.000473 0.000451 0.000429 0.000408 0.000389 0.000370 0.000353 0.000336 0.000320 0.000304 0.000290 0.000276 0.000263 0.000250 0.000238 0.000227 0.000216 0.000205 0.000196 0.000186 0.000177 0.000169 0.000161 0.000153 0.000146 0.000139 0.000132 0.000126 0.000120 0.000114 0.000109 0.000103 0.000098 0.000094 0.000089 0.000085 0.000081 0.000077 0.000073 0.000070 0.000066 0.000063 0.000060 0.000057 0.000055 0.000052 0.000049 0.000047 0.000045 0.000043 0.000041 0.000039 0.000037 0.000035 0.000033 0.000032 0.000030 0.000029 0.000027 0.000026 0.000025 0.000024 0.000022 0.000021 0.000020 0.000019 0.000018 0.000018 0.000017 0.000016 0.000015 0.000014 0.000014 0.000013 0.000012 0.000012 0.000011 0.000011 0.000010 0.000010 0.000009 0.000009 0.000008 0.000008 0.000007 0.000007 0.000007 0.000006 0.000006 0.000006 0.000005 0.000005 0.000005 0.000004 0.000004 0.000004 0.000004 0.000003 0.000003 0.000003 0.000003 0.000003 0.000002 0.000002 0.000002 0.000002 0.000002 0.000001 0.000001 0.000001 0.000001 0.000001 0.000001 0.000000 0.000000 0.000000 -0.000000 
-0.001340 0.001337 0.002676 0.004023 0.005378 0.006747 0.008132 0.009537 0.010965 0.012419 0.013903 0.015420 0.016975 0.016162 0.015388 0.014651 0.013950 0.013282 0.012646 0.012040 0.011464 0.010915 0.010392 0.009894 0.009421 0.008969 0.008540 0.008131 0.007742 0.007371 0.007018 0.006682 0.006362 0.006057 0.005767 0.005491 0.005228 0.004978 0.004739 0.004512 0.004296 0.004091 0.003895 0.003708 0.003531 0.003362 0.003201 0.003047 0.002901 0.002763 0.002630 0.002504 0.002384 0.002270 0.002162 0.002058 0.001959 0.001866 0.001776 0.001691 0.001610 0.001533 0.001460 0.001390 0.001323 0.001260 0.001200 0.001142 0.001087 0.001035 0.000986 0.000939 0.000894 0.000851 0.000810 0.000771 0.000734 0.000699 0.000666 0.000634 0.000604 0.000575 0.000547 0.000521 0.000496 0.000472 0.000450 0.000428 0.000408 0.000388 0.000369 0.000352 0.000335 0.000319 0.000304 0.000289 0.000275 0.000262 0.000250 0.000238 0.000226 0.000215 0.000205 0.000195 0.000186 0.000177 0.000168 0.000160 0.000153 0.000145 0.000138 0.000132 0.000126 0.000119 0.000114 0.000108 0.000103 0.000098 0.000093 0.000089 0.000085 0.000081 0.000077 0.000073 0.000070 0.000066 0.000063 0.000060 0.000057 0.000054 0.000052 0.000049 0.000047 0.000045 0.000043 0.000041 0.000039 0.000037 0.000035 0.000033 0.000032 0.000030 0.000029 0.000027 0.000026 0.000025 0.000024 0.000022 0.000021 0.000020 0.000019 0.000018 0.000017 0.000017 0.000016 0.000015 0.000014 0.000014 0.000013 0.000012 0.000012 0.000011 0.000011 0.000010 0.000009 0.000009 0.000009 0.000008 0.000008 0.000007 0.000007 0.000006 0.000006 0.000006 0.000005 0.000005 0.000005 0.000005 0.000004 0.000004 0.000004 0.000004 0.000003 0.000003 0.000003 0.000003 0.000002 0.000002 0.000002 0.000002 0.000002 0.000001 0.000001 0.000001 0.000001 0.000001 0.000001 0.000000 0.000000 -0.000000 
-0.001276 0.001273 0.002548 0.003830 0.005121 0.006424 0.007743 0.009080 0.010440 0.011824 0.013237 0.014682 0.016162 0.017681 0.016834 0.016028 0.015261 0.014530 0.013834 0.013172 0.012541 0.011940 0.011369 0.010824 0.010306 0.009812 0.009343 0.008895 0.008469 0.008064 0.007678 0.007310 0.006960 0.006627 0.006309 0.006007 0.005720 0.005446 0.005185 0.004937 0.004700 0.004475 0.004261 0.004057 0.003863 0.003678 0.003502 0.003334 0.003174 0.003022 0.002877 0.002740 0.002609 0.002484 0.002365 0.002251 0.002144 0.002041 0.001943 0.001850 0.001762 0.001677 0.001597 0.001520 0.001448 0.001378 0.001312 0.001249 0.001190 0.001133 0.001078 0.001027 0.000978 0.000931 0.000886 0.000844 0.000803 0.000765 0.000728 0.000693 0.000660 0.000629 0.000599 0.000570 0.000543 0.000517 0.000492 0.000468 0.000446 0.000425 0.000404 0.000385 0.000366 0.000349 0.000332 0.000316 0.000301 0.000287 0.000273 0.000260 0.000247 0.000236 0.000224 0.000214 0.000203 0.000194 0.000184 0.000175 0.000167 0.000159 0.000151 0.000144 0.000137 0.000131 0.000124 0.000118 0.000113 0.000107 0.000102 0.000097 0.000093 0.000088 0.000084 0.000080 0.000076 0.000073 0.000069 0.000066 0.000063 0.000060 0.000057 0.000054 0.000051 0.000049 0.000047 0.000044 0.000042 0.000040 0.000038 0.000036 0.000035 0.000033 0.000031 0.000030 0.000028 0.000027 0.000026 0.000025 0.000023 0.000022 0.000021 0.000020 0.000019 0.000018 0.000017 0.000016 0.000016 0.000015 0.000014 0.000013 0.000013 0.000012 0.000011 0.000011 0.000010 0.000010 0.000009 0.000009 0.000008 0.000008 0.000008 0.000007 0.000007 0.000006 0.000006 0.000006 0.000005 0.000005 0.000005 0.000004 0.000004 0.000004 0.000004 0.000003 0.000003 0.000003 0.000003 0.000002 0.000002 0.000002 0.000002 0.000002 0.000001 0.000001 0.000001 0.000001 0.000001 0.000000 0.000000 -0.000000 
-0.001215 0.001212 0.002426 0.003646 0.004876 0.006117 0.007372 0.008646 0.009940 0.011258 0.012603 0.013979 0.015388 0.016834 0.018321 0.017444 0.016609 0.015813 0.015056 0.014335 0.013649 0.012995 0.012373 0.011780 0.011216 0.010679 0.010168 0.009681 0.009217 0.008776 0.008356 0.007956 0.007575 0.007212 0.006867 0.006538 0.006225 0.005927 0.005643 0.005373 0.005115 0.004870 0.004637 0.004415 0.004204 0.004002 0.003811 0.003628 0.003455 0.003289 0.003132 0.002982 0.002839 0.002703 0.002574 0.002450 0.002333 0.002221 0.002115 0.002014 0.001917 0.001825 0.001738 0.001655 0.001576 0.001500 0.001428 0.001360 0.001295 0.001233 0.001174 0.001118 0.001064 0.001013 0.000965 0.000918 0.000874 0.000832 0.000793 0.000755 0.000719 0.000684 0.000651 0.000620 0.000590 0.000562 0.000535 0.000510 0.000485 0.000462 0.000440 0.000419 0.000399 0.000380 0.000361 0.000344 0.000328 0.000312 0.000297 0.000283 0.000269 0.000256 0.000244 0.000232 0.000221 0.000211 0.000201 0.000191 0.000182 0.000173 0.000165 0.000157 0.000149 0.000142 0.000135 0.000129 0.000123 0.000117 0.000111 0.000106 0.000101 0.000096 0.000091 0.000087 0.000083 0.000079 0.000075 0.000072 0.000068 0.000065 0.000062 0.000059 0.000056 0.000053 0.000051 0.000048 0.000046 0.000044 0.000042 0.000040 0.000038 0.000036 0.000034 0.000033 0.000031 0.000029 0.000028 0.000027 0.000025 0.000024 0.000023 0.000022 0.000021 0.000020 0.000019 0.000018 0.000017 0.000016 0.000015 0.000015 0.000014 0.000013 0.000013 0.000012 0.000011 0.000011 0.000010 0.000010 0.000009 0.000009 0.000008 0.000008 0.000007 0.000007 0.000007 0.000006 0.000006 0.000005 0.000005 0.000005 0.000004 0.000004 0.000004 0.000004 0.000003 0.000003 0.000003 0.000003 0.000002 0.000002 0.000002 0.000002 0.000001 0.000001 0.000001 0.000001 0.000001 0.000000 0.000000 -0.000000 
-0.001156 0.001154 0.002310 0.003472 0.004642 0.005824 0.007019 0.008232 0.009464 0.010719 0.012000 0.013309 0.014651 0.016028 0.017444 0.018901 0.017996 0.017135 0.016314 0.015533 0.014789 0.014081 0.013407 0.012765 0.012153 0.011572 0.011017 0.010490 0.009988 0.009509 0.009054 0.008620 0.008208 0.007815 0.007440 0.007084 0.006745 0.006422 0.006114 0.005822 0.005543 0.005277 0.005025 0.004784 0.004555 0.004337 0.004129 0.003931 0.003743 0.003564 0.003393 0.003231 0.003076 0.002929 0.002789 0.002655 0.002528 0.002407 0.002292 0.002182 0.002077 0.001978 0.001883 0.001793 0.001707 0.001625 0.001548 0.001473 0.001403 0.001336 0.001272 0.001211 0.001153 0.001098 0.001045 0.000995 0.000947 0.000902 0.000859 0.000818 0.000779 0.000741 0.000706 0.000672 0.000640 0.000609 0.000580 0.000552 0.000526 0.000501 0.000477 0.000454 0.000432 0.000411 0.000392 0.000373 0.000355 0.000338 0.000322 0.000306 0.000292 0.000278 0.000265 0.000252 0.000240 0.000228 0.000217 0.000207 0.000197 0.000188 0.000179 0.000170 0.000162 0.000154 0.000147 0.000140 0.000133 0.000127 0.000121 0.000115 0.000109 0.000104 0.000099 0.000094 0.000090 0.000086 0.000081 0.000078 0.000074 0.000070 0.000067 0.000064 0.000061 0.000058 0.000055 0.000052 0.000050 0.000047 0.000045 0.000043 0.000041 0.000039 0.000037 0.000035 0.000034 0.000032 0.000030 0.000029 0.000027 0.000026 0.000025 0.000024 0.000023 0.000021 0.000020 0.000019 0.000018 0.000018 0.000017 0.000016 0.000015 0.000014 0.000014 0.000013 0.000012 0.000012 0.000011 0.000010 0.000010 0.000009 0.000009 0.000008 0.000008 0.000007 0.000007 0.000007 0.000006 0.000006 0.000006 0.000005 0.000005 0.000005 0.000004 0.000004 0.000004 0.000003 0.000003 0.000003 0.000003 0.000002 0.000002 0.000002 0.000002 0.000001 0.000001 0.000001 0.000001 0.000000 0.000000 -0.000000 
-0.001101 0.001098 0.002199 0.003306 0.004420 0.005545 0.006683 0.007837 0.009011 0.010205 0.011425 0.012672 0.013950 0.015261 0.016609 0.017996 0.019428 0.018497 0.017612 0.016768 0.015965 0.015201 0.014473 0.013780 0.013120 0.012492 0.011894 0.011324 0.010782 0.010266 0.009774 0.009306 0.008860 0.008436 0.008032 0.007647 0.007281 0.006933 0.006601 0.006285 0.005984 0.005697 0.005424 0.005165 0.004917 0.004682 0.004458 0.004244 0.004041 0.003847 0.003663 0.003488 0.003321 0.003162 0.003010 0.002866 0.002729 0.002598 0.002474 0.002355 0.002243 0.002135 0.002033 0.001936 0.001843 0.001755 0.001671 0.001591 0.001514 0.001442 0.001373 0.001307 0.001245 0.001185 0.001128 0.001074 0.001023 0.000974 0.000927 0.000883 0.000841 0.000800 0.000762 0.000725 0.000691 0.000658 0.000626 0.000596 0.000568 0.000540 0.000515 0.000490 0.000466 0.000444 0.000423 0.000403 0.000383 0.000365 0.000347 0.000331 0.000315 0.000300 0.000286 0.000272 0.000259 0.000246 0.000235 0.000223 0.000213 0.000203 0.000193 0.000184 0.000175 0.000166 0.000158 0.000151 0.000144 0.000137 0.000130 0.000124 0.000118 0.000112 0.000107 0.000102 0.000097 0.000092 0.000088 0.000084 0.000080 0.000076 0.000072 0.000069 0.000065 0.000062 0.000059 0.000056 0.000054 0.000051 0.000049 0.000046 0.000044 0.000042 0.000040 0.000038 0.000036 0.000034 0.000033 0.000031 0.000030 0.000028 0.000027 0.000026 0.000024 0.000023 0.000022 0.000021 0.000020 0.000019 0.000018 0.000017 0.000016 0.000015 0.000015 0.000014 0.000013 0.000013 0.000012 0.000011 0.000011 0.000010 0.000010 0.000009 0.000009 0.000008 0.000008 0.000007 0.000007 0.000006 0.000006 0.000006 0.000005 0.000005 0.000005 0.000004 0.000004 0.000004 0.000003 0.000003 0.000003 0.000002 0.000002 0.000002 0.000002 0.000001 0.000001 0.000001 0.000001 0.000000 0.000000 -0.000000 
-0.001048 0.001046 0.002094 0.003147 0.004208 0.005279 0.006363 0.007462 0.008579 0.009717 0.010878 0.012065 0.013282 0.014530 0.015813 0.017135 0.018497 0.019905 0.018951 0.018044 0.017180 0.016357 0.015574 0.014828 0.014118 0.013442 0.012798 0.012186 0.011602 0.011047 0.010518 0.010014 0.009534 0.009078 0.008643 0.008229 0.007835 0.007460 0.007103 0.006763 0.006439 0.006131 0.005837 0.005557 0.005291 0.005038 0.004797 0.004567 0.004348 0.004140 0.003942 0.003753 0.003573 0.003402 0.003239 0.003084 0.002937 0.002796 0.002662 0.002535 0.002413 0.002298 0.002188 0.002083 0.001983 0.001888 0.001798 0.001712 0.001630 0.001552 0.001477 0.001407 0.001339 0.001275 0.001214 0.001156 0.001101 0.001048 0.000998 0.000950 0.000904 0.000861 0.000820 0.000781 0.000743 0.000708 0.000674 0.000642 0.000611 0.000582 0.000554 0.000527 0.000502 0.000478 0.000455 0.000433 0.000412 0.000393 0.000374 0.000356 0.000339 0.000323 0.000307 0.000293 0.000279 0.000265 0.000253 0.000240 0.000229 0.000218 0.000207 0.000198 0.000188 0.000179 0.000170 0.000162 0.000155 0.000147 0.000140 0.000133 0.000127 0.000121 0.000115 0.000110 0.000104 0.000099 0.000095 0.000090 0.000086 0.000082 0.000078 0.000074 0.000070 0.000067 0.000064 0.000061 0.000058 0.000055 0.000052 0.000050 0.000047 0.000045 0.000043 0.000041 0.000039 0.000037 0.000035 0.000034 0.000032 0.000030 0.000029 0.000028 0.000026 0.000025 0.000024 0.000023 0.000021 0.000020 0.000019 0.000018 0.000017 0.000017 0.000016 0.000015 0.000014 0.000013 0.000013 0.000012 0.000011 0.000011 0.000010 0.000010 0.000009 0.000009 0.000008 0.000008 0.000007 0.000007 0.000006 0.000006 0.000006 0.000005 0.000005 0.000005 0.000004 0.000004 0.000004 0.000003 0.000003 0.000003 0.000002 0.000002 0.000002 0.000002 0.000001 0.000001 0.000001 0.000001 0.000000 -0.000000 
-0.000998 0.000996 0.001994 0.002997 0.004007 0.005026 0.006058 0.007105 0.008168 0.009252 0.010357 0.011487 0.012646 0.013834 0.015056 0.016314 0.017612 0.018951 0.020337 0.019363 0.018436 0.017553 0.016713 0.015912 0.015150 0.014425 0.013734 0.013076 0.012450 0.011854 0.011286 0.010746 0.010231 0.009742 0.009275 0.008831 0.008408 0.008005 0.007622 0.007257 0.006910 0.006579 0.006264 0.005964 0.005678 0.005406 0.005147 0.004901 0.004666 0.004443 0.004230 0.004027 0.003835 0.003651 0.003476 0.003310 0.003151 0.003000 0.002857 0.002720 0.002590 0.002466 0.002348 0.002235 0.002128 0.002026 0.001929 0.001837 0.001749 0.001665 0.001585 0.001509 0.001437 0.001368 0.001303 0.001240 0.001181 0.001124 0.001071 0.001019 0.000971 0.000924 0.000880 0.000838 0.000798 0.000759 0.000723 0.000688 0.000655 0.000624 0.000594 0.000566 0.000539 0.000513 0.000488 0.000465 0.000443 0.000421 0.000401 0.000382 0.000364 0.000346 0.000330 0.000314 0.000299 0.000285 0.000271 0.000258 0.000246 0.000234 0.000223 0.000212 0.000202 0.000192 0.000183 0.000174 0.000166 0.000158 0.000150 0.000143 0.000136 0.000130 0.000124 0.000118 0.000112 0.000107 0.000101 0.000097 0.000092 0.000088 0.000083 0.000079 0.000076 0.000072 0.000068 0.000065 0.000062 0.000059 0.000056 0.000054 0.000051 0.000048 0.000046 0.000044 0.000042 0.000040 0.000038 0.000036 0.000034 0.000033 0.000031 0.000030 0.000028 0.000027 0.000025 0.000024 0.000023 0.000022 0.000021 0.000020 0.000019 0.000018 0.000017 0.000016 0.000015 0.000014 0.000014 0.000013 0.000012 0.000012 0.000011 0.000010 0.000010 0.000009 0.000009 0.000008 0.000008 0.000007 0.000007 0.000006 0.000006 0.000006 0.000005 0.000005 0.000005 0.000004 0.000004 0.000004 0.000003 0.000003 0.000003 0.000002 0.000002 0.000002 0.000001 0.000001 0.000001 0.000001 0.000000 -0.000000 
-0.000950 0.000948 0.001898 0.002853 0.003815 0.004786 0.005768 0.006765 0.007777 0.008809 0.009861 0.010937 0.012040 0.013172 0.014335 0.015533 0.016768 0.018044 0.019363 0.020729 0.019736 0.018791 0.017891 0.017035 0.016219 0.015442 0.014703 0.013999 0.013328 0.012690 0.012083 0.011504 0.010953 0.010429 0.009929 0.009454 0.009001 0.008570 0.008160 0.007769 0.007397 0.007043 0.006706 0.006384 0.006079 0.005788 0.005510 0.005247 0.004995 0.004756 0.004528 0.004312 0.004105 0.003909 0.003721 0.003543 0.003374 0.003212 0.003058 0.002912 0.002772 0.002640 0.002513 0.002393 0.002278 0.002169 0.002065 0.001966 0.001872 0.001783 0.001697 0.001616 0.001539 0.001465 0.001395 0.001328 0.001264 0.001204 0.001146 0.001091 0.001039 0.000989 0.000942 0.000897 0.000854 0.000813 0.000774 0.000737 0.000702 0.000668 0.000636 0.000606 0.000577 0.000549 0.000523 0.000498 0.000474 0.000451 0.000430 0.000409 0.000389 0.000371 0.000353 0.000336 0.000320 0.000305 0.000290 0.000276 0.000263 0.000250 0.000238 0.000227 0.000216 0.000206 0.000196 0.000186 0.000178 0.000169 0.000161 0.000153 0.000146 0.000139 0.000132 0.000126 0.000120 0.000114 0.000109 0.000103 0.000098 0.000094 0.000089 0.000085 0.000081 0.000077 0.000073 0.000070 0.000066 0.000063 0.000060 0.000057 0.000055 0.000052 0.000049 0.000047 0.000045 0.000043 0.000041 0.000039 0.000037 0.000035 0.000033 0.000032 0.000030 0.000029 0.000027 0.000026 0.000025 0.000023 0.000022 0.000021 0.000020 0.000019 0.000018 0.000017 0.000016 0.000015 0.000015 0.000014 0.000013 0.000012 0.000012 0.000011 0.000011 0.000010 0.000009 0.000009 0.000008 0.000008 0.000007 0.000007 0.000006 0.000006 0.000006 0.000005 0.000005 0.000004 0.000004 0.000004 0.000003 0.000003 0.000003 0.000002 0.000002 0.000002 0.000001 0.000001 0.000001 0.000001 0.000000 -0.000000 
-0.000905 0.000903 0.001807 0.002717 0.003632 0.004557 0.005492 0.006441 0.007405 0.008387 0.009389 0.010414 0.011464 0.012541 0.013649 0.014789 0.015965 0.017180 0.018436 0.019736 0.021084 0.020075 0.019113 0.018198 0.017327 0.016497 0.015707 0.014955 0.014239 0.013557 0.012908 0.012290 0.011701 0.011141 0.010607 0.010099 0.009616 0.009155 0.008717 0.008300 0.007902 0.007524 0.007163 0.006820 0.006494 0.006183 0.005887 0.005605 0.005337 0.005081 0.004838 0.004606 0.004385 0.004175 0.003976 0.003785 0.003604 0.003431 0.003267 0.003111 0.002962 0.002820 0.002685 0.002556 0.002434 0.002317 0.002206 0.002101 0.002000 0.001904 0.001813 0.001726 0.001644 0.001565 0.001490 0.001419 0.001351 0.001286 0.001224 0.001166 0.001110 0.001057 0.001006 0.000958 0.000912 0.000868 0.000827 0.000787 0.000750 0.000714 0.000680 0.000647 0.000616 0.000587 0.000558 0.000532 0.000506 0.000482 0.000459 0.000437 0.000416 0.000396 0.000377 0.000359 0.000342 0.000325 0.000310 0.000295 0.000281 0.000267 0.000255 0.000242 0.000231 0.000220 0.000209 0.000199 0.000190 0.000181 0.000172 0.000164 0.000156 0.000148 0.000141 0.000134 0.000128 0.000122 0.000116 0.000110 0.000105 0.000100 0.000095 0.000091 0.000086 0.000082 0.000078 0.000075 0.000071 0.000068 0.000064 0.000061 0.000058 0.000055 0.000053 0.000050 0.000048 0.000045 0.000043 0.000041 0.000039 0.000037 0.000035 0.000034 0.000032 0.000031 0.000029 0.000028 0.000026 0.000025 0.000024 0.000023 0.000021 0.000020 0.000019 0.000018 0.000017 0.000017 0.000016 0.000015 0.000014 0.000013 0.000013 0.000012 0.000011 0.000011 0.000010 0.000009 0.000009 0.000008 0.000008 0.000007 0.000007 0.000006 0.000006 0.000006 0.000005 0.000005 0.000004 0.000004 0.000004 0.000003 0.000003 0.000003 0.000002 0.000002 0.000002 0.000001 0.000001 0.000001 0.000000 -0.000000 
-0.000861 0.000859 0.001721 0.002586 0.003458 0.004338 0.005229 0.006132 0.007050 0.007985 0.008939 0.009915 0.010915 0.011940 0.012995 0.014081 0.015201 0.016357 0.017553 0.018791 0.020075 0.021406 0.020381 0.019405 0.018476 0.017591 0.016749 0.015947 0.015183 0.014456 0.013764 0.013105 0.012477 0.011880 0.011311 0.010769 0.010254 0.009763 0.009295 0.008850 0.008426 0.008023 0.007639 0.007273 0.006925 0.006593 0.006277 0.005977 0.005691 0.005418 0.005159 0.004912 0.004676 0.004452 0.004239 0.004036 0.003843 0.003659 0.003484 0.003317 0.003158 0.003007 0.002863 0.002726 0.002595 0.002471 0.002353 0.002240 0.002133 0.002031 0.001933 0.001841 0.001753 0.001669 0.001589 0.001513 0.001440 0.001371 0.001306 0.001243 0.001184 0.001127 0.001073 0.001022 0.000973 0.000926 0.000882 0.000840 0.000799 0.000761 0.000725 0.000690 0.000657 0.000625 0.000595 0.000567 0.000540 0.000514 0.000489 0.000466 0.000444 0.000422 0.000402 0.000383 0.000365 0.000347 0.000330 0.000315 0.000300 0.000285 0.000272 0.000259 0.000246 0.000234 0.000223 0.000212 0.000202 0.000193 0.000183 0.000175 0.000166 0.000158 0.000151 0.000143 0.000137 0.000130 0.000124 0.000118 0.000112 0.000107 0.000102 0.000097 0.000092 0.000088 0.000084 0.000079 0.000076 0.000072 0.000069 0.000065 0.000062 0.000059 0.000056 0.000054 0.000051 0.000049 0.000046 0.000044 0.000042 0.000040 0.000038 0.000036 0.000034 0.000033 0.000031 0.000029 0.000028 0.000027 0.000025 0.000024 0.000023 0.000022 0.000021 0.000020 0.000019 0.000018 0.000017 0.000016 0.000015 0.000014 0.000013 0.000013 0.000012 0.000011 0.000011 0.000010 0.000010 0.000009 0.000008 0.000008 0.000007 0.000007 0.000006 0.000006 0.000006 0.000005 0.000005 0.000004 0.000004 0.000004 0.000003 0.000003 0.000002 0.000002 0.000002 0.000001 0.000001 0.000001 0.000000 -0.000000 
